0861
0928
0001
0203
0929
0401
0339
0752
0287
0001
0417
0929
0929
0929
0929
0929
0417
0929
0929
0929
0929
0929
0929
0929
0929
0929
0929
0929
0417
0287
0401
0417
0417
0417
0927
0929
0929
0929
0929
0929
0929
0929
0929
0929
0929
0345
0345
0345
0345
0345
0916
0353
0929
0927
0929
0927
0929
0618
0618
0618
0618
0608
0608
0608
0608
0608
0013
0835
0835
0835
0835
0835
0013
0013
0022
0022
0022
0437
0437
0835
0835
0835
1045
1045
0013
0013
0013
0022
0437
0437
0835
0929
0929
0928
0928
0928
0001
0024
0928
0001
0001
0001
0001
0929
0417
0325
0419
0927
0929
0001
0325
0417
0419
0691
0750
0927
0929
0929
0929
0929
0001
0196
0196
0417
0419
0750
0927
0929
0929
0929
0929
0929
0929
0929
0929
0325
0927
0929
0325
0927
0929
0929
0001
0325
0417
0419
0691
0807
0807
0927
0929
0929
0929
0928
0001
0928
0928
0001
0928
0022
0929
0001
0928
0927
0929
0929
0929
0929
0927
0928
0929
0929
0929
0929
0929
0929
0929
0929
0929
0929
0927
0928
0929
0929
0929
0929
0929
0929
0929
0929
0929
0929
0929
0929
0929
0929
0927
0929
0929
0929
0929
0929
0927
0929
0929
0927
0929
0929
0001
0001
0024
0916
0861
0861
0927
0928
0001
0928
0929
0929
0929
0929
0929
0929
0929
0929
0929
0930
0929
0929
0929
0929
0929
0929
0929
0929
0929
0929
0929
0929
0929
0929
0929
0861
0910
0927
0928
0227
0287
0419
0419
0419
0287
0417
0417
0504
3504
3504
3504
0288
0288
0288
0288
0288
0288
0288
0288
0288
0288
0288
0288
0288
0288
0288
0288
0288
0288
0928
0928
0929
0929
0001
0929
0929
0929
0929
0929
0226
0929
0226
0752
0752
0287
0929
0001
0929
0417
0001
0927
0929
0929
0929
0929
0929
0929
0929
0929
0929
0929
0929
0929
0929
0929
0929
0929
0417
0929
0196
0196
0929
0001
0325
0927
0929
0287
0401
0417
0001
0417
0929
0417
0419
0929
0929
0929
0929
0929
0929
0929
0345
0345
0345
0353
0353
0916
0927
0929
0618
0618
0618
0618
0928
0608
0608
0013
0013
0022
0022
0437
0437
0437
0835
1045
1045
0022
0022
0123
0835
0835
1045
1045
0013
0013
0022
0022
0437
0437
0437
0835
0125
0927
0929
0928
0928
0929
0001
0417
0419
0750
0807
0927
0929
0929
0929
0001
0417
0750
0927
0929
0929
0929
0929
0929
0929
0417
0419
0691
0750
0807
0807
0927
0929
0929
0929
0929
0929
0929
0929
0929
0929
0929
0929
0929
0861
0984
0928
0022
0689
0226
0929
0929
0929
0929
0929
0929
0929
0929
0929
0929
0929
0929
0929
0929
0929
0929
0929
0929
0929
0929
0929
0927
0929
0929
0929
0929
0910
0927
0929
0929
0929
0929
0927
0929
0929
0929
0860
0928
0929
0929
0929
0929
0929
0929
0929
0929
0929
0929
0929
0929
0929
0929
0929
0929
0929
0929
0929
0929
0929
0929
0929
0929
0929
0929
0929
0929
0929
0929
0929
0929
0861
0910
0921
0927
0765
0928
0861
0001
0928
0419
0419
0196
0287
0504
0287
0417
3504
3504
3504
3504
3504
0288
0288
0288
0288
0288
0288
0288
0288
0288
0288
0325
0927
0929
0927
0325
0927
0929
0928
0861
0929
0929
0929
0929
0919
0929
0943
0401
0752
0504
0001
0927
0929
0001
0196
0927
0929
0929
0929
0929
0929
0929
0929
0929
0927
0929
0417
0929
0929
0929
0929
0929
0929
0929
0929
0929
0929
0929
0929
0929
0929
0929
0910
0927
0417
0861
0910
0927
0861
0910
0927
0401
0417
0226
0929
0929
0929
0929
0929
0196
0196
0325
0691
0807
0927
0929
0929
0929
0929
0929
0929
0929
0929
0927
0929
0929
0226
0417
0417
0417
0927
0929
0001
0927
0929
0001
0927
0929
0929
0001
0927
0929
0226
0001
0226
0927
0928
0929
0001
0927
0929
0417
0417
0916
0929
0929
0929
0929
0929
0929
0929
0929
0929
0345
0345
0345
0345
0353
0353
0618
0618
0618
0618
0928
0608
0608
0608
0608
0608
0608
0022
0022
0013
0022
0123
0835
0022
0022
0022
0013
0013
0022
0022
0022
0022
0013
0013
0022
0022
0022
0123
0437
0437
0835
1045
1045
0013
0013
0022
0022
0861
0928
0929
0926
0928
0929
0928
0929
0928
0001
0861
0928
0928
0984
0618
0618
0929
0929
0929
0928
0928
0001
0001
0001
0928
0928
0485
0861
0809
0927
0929
0015
0
0928
0927
0929
0929
0929
0929
0001
0325
0405
0417
0419
0691
0750
0807
0927
0929
0929
0929
0929
0001
0024
0861
0910
0001
0928
0001
0928
0345
0861
0928
0861
0984
0015
0861
0928
0928
0001
0928
0001
0022
0861
0928
0689
0927
0929
0929
0927
0929
0927
0929
0929
0752
0861
0927
0928
0929
0929
0929
0929
0929
0929
0929
0929
0929
0929
0929
0929
0929
0929
0929
0929
0929
0929
0929
0929
0929
0929
0929
0929
0929
0929
0929
0929
0929
0929
0929
0929
0929
0929
0929
0929
0929
0929
0929
0929
0929
0929
0929
0929
0929
0929
0929
0929
0929
0929
0929
0929
0929
0929
0929
0929
0929
0929
0929
0929
0929
0929
0929
0929
0929
0929
0929
0929
0929
0929
0929
0929
0929
0929
0929
0929
0929
0929
0929
0929
0929
0929
0929
0929
0929
0929
0929
0929
0929
0929
0929
0929
0929
0929
0929
0929
0929
0929
0929
0929
0929
0929
0929
0929
0929
0929
0929
0929
0929
0929
0927
0929
0929
0929
0929
0929
0929
0929
0929
0929
0929
0929
0929
0929
0929
0929
0929
0929
0929
0929
0929
0929
0929
0929
0929
0929
0929
0910
0929
0929
0929
0929
0929
0929
0929
0929
0929
0929
0929
0929
0928
0485
0861
0910
0916
0929
0861
0809
0861
0926
0927
0928
0928
0861
0861
1005
0928
0928
0928
0923
1017
0927
0929
0929
0929
0929
0929
0929
0929
0929
0929
0929
0929
0929
0929
0929
0929
0929
0929
0929
0929
0929
0929
0929
0929
0929
0929
0929
0929
0929
0929
0929
0001
0929
0929
0929
0929
0929
0929
0929
0929
0929
0929
0929
0929
0929
0929
0929
0929
0929
0929
0929
0929
0929
0929
0929
0929
0929
0929
0929
0929
0929
0929
0929
0929
0929
0929
0929
0929
0929
0929
0929
0861
0910
0921
0927
0910
0927
0926
0927
0910
0921
0927
0928
0226
0928
1007
0001
0003
0001
0928
0928
0752
0861
0926
0928
0196
0807
0807
0287
0419
0417
0417
0504
0417
3504
3504
3504
3504
3504
0288
0288
0288
0288
0288
0288
0288
0288
0288
0288
0288
0288
0288
0288
0288
0288
0288
0288
0288
0288
0288
0288
0288
0288
0929
0929
0928
0928
0861
0927
0928
0928
0752
0913
1056
0939
0861
0861
0929
0929
0929
0929
0929
0001
0287
0325
0419
0750
0927
0929
0929
0929
0929
0287
0929
0929
0916
0927
0929
0928
0929
0929
0929
0929
0929
0929
0929
0929
0929
0929
0929
0910
0929
0927
0929
0608
0022
0022
0022
0022
0013
0013
0022
0022
0123
0437
0437
0437
0835
0015
0618
0001
0928
0929
0401
0807
0927
0929
0928
0001
0928
0928
0861
0928
0927
0929
0929
0929
0929
0929
0929
0929
0929
0929
0929
0929
0929
0929
0929
0929
0929
0929
0929
0929
0929
0929
0929
0929
0929
0929
0861
0861
0927
0928
0001
0929
0929
0929
0929
0929
0929
0929
0571
0226
0417
0417
0419
0807
0807
3504
3504
3504
3504
0928
0288
0288
0929
0861
0927
0928
0401
0929
0001
0339
0928
0929
0929
0929
0929
0929
0929
0929
0929
0929
0929
0929
0929
0929
0929
0929
0929
0929
0929
0929
0929
0929
0929
0929
0929
0929
0929
0929
0929
0929
0929
0929
0929
0862
0929
0339
0419
0929
0929
0765
0925
0928
0928
0928
0928
0800
0015
0027
0927
0929
0022
0929
0288
0928
0203
0417
0928
0929
0928
0928
0928
0928
0927
0929
0929
0001
0287
0325
0927
0929
0929
0001
0419
0927
0929
0927
0929
0927
0929
0417
0927
0929
0927
0929
0345
0345
0287
0618
0916
0927
0929
0750
0927
0929
0419
0929
0861
0927
0928
0861
0928
0929
0929
0929
0929
0929
0929
0929
0929
0929
0929
0929
0929
0929
0929
0929
0929
0929
0287
0417
0287
0861
0927
0928
0928
0001
0910
0921
0927
0916
0913
0123
0910
0939
0910
0921
0929
0929
0929
0929
0929
0929
0929
0910
0015
0928
0928
0929
0929
0929
0929
0929
0928
0910
0928
0921
0928
0910
0921
0910
0910
0921
0910
0921
0910
0928
0716
0752
0716
0716
0716
0716
0716
0928
0910
0910
0910
0921
0927
0910
0927
0929
0929
0861
0417
0861
0910
0927
0927
0929
0929
0929
0417
0419
0927
0929
0929
0929
0929
0929
0929
0929
0929
0929
0929
0417
0861
0916
0013
0013
0437
0437
0437
0835
0835
0294
0294
0928
0910
0921
0927
0929
0984
0962
0910
0984
0022
0861
0928
0910
0921
0921
0928
0861
0929
0929
0929
0929
0929
0929
0929
0929
0929
0929
0929
0929
0929
0929
0929
0929
0928
0928
0799
0923
0928
0809
0861
0927
0928
0928
0928
0752
0752
1017
0929
0929
0910
0927
0913
1007
0419
0288
0288
0288
0288
0288
0288
0288
0928
0928
0001
0928
0929
0015
0001
0001
0001
0024
0928
0001
0928
0928
0928
0928
0229
0226
0929
0226
0339
0752
0752
0287
0001
0927
0929
0929
0929
0929
0929
0929
0929
0929
0929
0929
0929
0929
0929
0929
0929
0929
0417
0287
0401
0417
0929
0417
0417
0929
0929
0929
0928
0345
0345
0345
0353
0353
0927
0929
0916
0618
0618
0618
0618
0608
0608
0013
0013
0022
0022
0437
0437
0835
1045
1045
0022
0022
0123
0835
1045
1045
0013
0013
0022
0022
0437
0437
0437
0835
0835
1045
0125
0925
0879
0928
0928
0923
0928
0929
0001
0325
0417
0419
0750
0807
0927
0929
0929
0929
0001
0417
0419
0750
0927
0929
0929
0929
0929
0929
0929
0001
0196
0196
0325
0417
0419
0691
0750
0807
0807
0927
0929
0929
0929
0929
0929
0929
0929
0929
0929
0929
0929
0928
0861
0984
0022
0928
0689
0226
0929
0929
0929
0929
0929
0929
0929
0929
0929
0929
0929
0929
0929
0929
0929
0929
0929
0929
0929
0929
0929
0929
0929
0929
0929
0929
0929
0929
0929
0927
0929
0929
0929
0929
0927
0929
0929
0910
0929
0929
0927
0929
0929
0929
0325
0927
0929
0929
0929
0929
0929
0929
0929
0929
0929
0929
0929
0929
0929
0929
0929
0929
0929
0929
0929
0929
0929
0929
0929
0929
0929
0929
0929
0929
0929
0929
0929
0799
0861
0910
0921
0927
0799
0928
0001
0928
0928
0287
0419
0419
0196
0287
0417
0504
3504
3504
3504
3504
3504
3504
0288
0288
0288
0288
0288
0288
0288
0288
0288
0288
0015
0861
0928
0861
0928
0928
0928
0928
0929
0419
0886
0929
0419
0850
0886
0929
0417
0928
0992
0928
0928
0928
0928
0928
0928
0419
0929
0001
0419
0927
0928
0929
0929
0001
0929
0927
0929
0929
0929
0929
0929
0929
0929
0929
0929
0929
0929
0929
0929
0929
0929
0929
0929
0929
0929
0929
0929
0929
0929
0929
0929
0929
0929
0929
0929
0929
0929
0929
0929
0929
0929
0001
0419
0927
0929
0929
0929
0929
0929
0929
0929
0929
0929
0929
0929
0929
0929
0929
0929
0929
0929
0929
0929
0929
0929
0929
0929
0929
0929
0929
0929
0929
0929
0929
0929
0929
0929
0929
0288
0288
0288
0288
0288
0288
0288
0288
0288
0288
0288
0288
0288
0929
0001
0928
0001
0928
0928
0928
0916
0928
0916
0992
0001
0991
0001
0990
0990
0001
0997
1013
0992
0992
0992
0992
***************
***************
***************
***************
***************
***************
***************
***************
***************
***************
***************
***************
***************
***************
***************
***************
***************
***************
***************
***************
***************
***************
***************
***************
***************
***************
***************
***************
***************
***************
***************
***************
***************
***************
***************
***************
***************
***************
***************
***************
***************
***************
***************
***************
***************
***************
***************
***************
***************
***************
***************
***************
***************
***************
***************
***************
***************
***************
***************
***************
***************
***************
***************
***************
***************
***************
***************
***************
***************
***************
***************
***************
***************
***************
***************
***************
***************
***************
***************
***************
***************
***************
***************
***************
***************
***************
***************
***************
***************
***************
***************
***************
***************
***************
***************
***************
***************
***************
***************
***************
***************
***************
***************
***************
***************
***************
***************
***************
***************
***************
***************
***************
***************
***************
***************
***************
***************
***************
***************
***************
***************
***************
***************
***************
***************
***************
***************
***************
***************
***************
***************
***************
***************
***************
***************
***************
***************
***************
***************
***************
***************
***************
***************
***************
***************
***************
***************
***************
***************
***************
***************
***************
***************
***************
***************
***************
***************
***************
***************
***************
***************
***************
***************
***************
***************
***************
***************
***************
***************
***************
***************
***************
***************
***************
***************
***************
***************
***************
***************
***************
0799
0928
0929
0923
0417
0417
0417
0417
0417
0417
0417
0417
0417
0417
0417
0928
0928
0928
0928
0928
1200
***************
***************
***************
***************
***************
***************
***************
***************
***************
***************
***************
***************
***************
***************
***************
***************
***************
0928
0419
0886
0929
0001
0929
0928
08
0927
0929
0616
0616
0999
0999
0999
0928
0000
0999
0999
0999
0999
0999
0999
0999
0999
0999
0999
0999
0001
0288
0861
0927
0929
0929
0929
0929
0929
0929
0929
0929
0929
0991
0860
0928
0928
0999
0999
0999
0999
0999
0999
0999
0999
0999
0999
0999
0999
0999
0999
0999
0999
0999
0999
0999
0999
0999
0999
0999
0999
0999
0999
0999
0999
0999
0999
0999
0999
0999
0999
0999
0999
0999
0999
0999
0999
0999
0999
0999
0999
0999
0999
0999
0999
0999
0999
0999
0999
0999
0999
0999
0999
0999
0999
0999
0999
0999
0999
0999
0999
0999
0999
0999
0999
0999
0999
0999
0999
0999
0999
0999
0999
0999
0999
0999
0999
0999
0999
0999
0999
0999
0999
0999
0999
0999
0999
0999
0999
0999
0999
0999
0999
0999
0999
0999
0999
0999
0999
0999
0999
0999
0999
0999
0999
0999
0999
0999
0999
0999
0999
0999
0999
0999
0999
0999
0999
0999
0999
0999
0999
0999
0999
0999
0999
0999
0999
0999
0999
0999
0999
0999
0999
0999
0999
0999
0999
0999
0999
0999
0999
0999
0999
0999
0999
0999
0999
0999
0999
0999
0999
0999
0999
0999
0999
0999
0999
0999
0999
0999
0999
0999
0999
0999
0999
0999
0999
0999
0999
0999
0999
0999
0999
0999
0999
0999
0999
0999
0999
0999
0999
0999
0999
0999
0999
0999
0999
0999
0999
0999
0999
0999
0999
0999
0999
0999
0999
0999
0928
0928
0928
0928
1025
0992
0177
0184
0177
0177
0181
0177
0177
0177
0177
0182
0184
0177
0177
0177
0916
0999
0999
0999
0999
0999
0999
0999
0999
0999
0999
0999
0999
0999
0999
0999
0999
0999
0999
0999
0999
0999
0999
0999
0999
0999
0999
0999
0999
0999
0999
0999
0999
0999
0999
0999
0999
0999
0999
0999
0999
0999
0999
0999
0999
0999
0999
0999
9999
0929
0943
0929
0927
0929
0013
0013
0437
0835
0927
0929
0001
0419
0927
0929
0929
0929
0929
0929
0929
0929
0929
0929
0929
0929
0929
0929
0929
0929
0929
0929
0929
0929
0288
0288
0928
0928
0928
0928
0928
0929
0001
0962
0962
0962
0962
0928
0928
0928
0928
0962
0860
0919
0929
0928
0929
0929
0929
0928
0928
0928
0928
0928
0348
0063
0063
0928
0928
0928
0927
0928
0928
0929
0929
0929
0929
0929
0929
0929
0929
0929
0962
0928
0928
0928
0928
0928
0962
0962
0928
0928
0928
0928
0928
0928
0196
0196
0752
0927
0929
0001
0325
0419
0691
0750
0927
0929
0929
0929
0929
0929
0929
0929
0929
0927
0929
0417
0927
0929
0861
0910
0927
0861
0910
0927
0929
0929
0929
0929
0929
0929
0929
0929
0929
0929
0345
0345
0353
0927
0929
0608
0608
0928
0022
0022
0013
0013
0022
0022
0022
0437
0437
0437
1045
1045
0001
0618
0916
0921
0910
0001
0928
0928
0929
0928
0001
0928
0928
0345
0928
0022
0689
0226
0928
0910
0927
0929
0929
0929
0929
0929
0929
0929
0929
0929
0929
0929
0929
0929
0929
0929
0929
0929
0929
0929
0929
0929
0929
0929
0929
0929
0929
0929
0929
0929
0929
0929
0929
0929
0929
0929
0929
0861
0928
0861
0927
0928
0928
0015
0861
1017
0929
0001
0927
0929
0929
0929
0929
0929
0929
0929
0929
0929
0929
0929
0929
0929
0929
0929
0929
0929
0929
0929
0929
0929
0929
0929
0929
0929
0929
0861
0910
0921
0927
0910
0927
0926
0927
0927
0921
0226
1007
0419
3504
3504
3504
0288
0288
0288
0288
0288
0927
0861
0927
1056
0928
0001
0928
0861
0929
0929
0927
0929
0001
0927
0929
0001
0287
0927
0929
0417
0417
0417
0226
0226
0226
0417
0353
0618
0618
0618
0608
0437
0437
0437
0437
0437
0835
0835
0835
0013
0001
0325
0417
0419
0750
0927
0929
0929
0929
0929
0929
0929
0929
0929
0001
0196
0196
0287
0325
0401
0417
0807
0807
0927
0929
0929
0929
0929
0929
0928
0929
0929
0929
0929
0929
0929
0929
0929
0287
0196
0287
0419
3504
3504
0288
0929
0929
0015
0861
0928
0929
0928
0929
0929
0943
0417
0929
0618
0618
0608
0013
0013
0022
0022
0123
0437
0437
0437
1045
1045
0928
0007
0493
0929
0929
0929
0929
0929
0929
0929
0929
0929
0929
0419
0750
0927
0929
0001
0926
0927
0929
0929
0929
0929
0929
0929
0929
0929
0929
0929
0929
0929
0929
0929
0929
0861
0928
0928
0928
0928
0929
0929
0929
0929
0929
0929
0929
0929
0929
0001
0419
0288
0288
0288
0288
0288
0288
0288
0928
0746
0928
0928
0746
0493
0092
0092
0092
0092
0092
0092
0092
0092
0092
0092
0092
0092
0092
0092
0092
0092
0092
0092
0092
0092
0092
0092
0092
0092
0092
0092
0092
0928
0928
0929
0339
0919
0929
0943
0929
0203
0929
0196
0196
0001
0417
0419
0750
0910
0927
0929
0929
0929
0929
0929
0929
0929
0929
0929
0929
0929
0929
0929
0929
0929
0345
0345
0353
0927
0928
0929
0618
0618
0608
0608
0013
0013
0022
0123
0437
0437
0835
0835
1045
1045
0929
0929
0929
0928
0928
0929
0015
0027
0807
0325
0401
0417
0419
0691
0750
0807
0807
0927
0929
0929
0927
0929
0929
0929
0929
0929
0929
0929
0929
0929
0928
0929
0929
0929
0226
0001
0125
0929
0929
0929
0929
0929
0929
0929
0929
0929
0929
0929
0929
0929
0929
0929
0929
0929
0929
0716
0929
0929
0288
0288
0288
0288
0288
0288
0288
0419
3504
3504
3504
0288
0928
0345
0345
0013
0013
0022
0022
0022
0835
0835
0013
0022
0123
1045
0928
0925
0927
0929
0929
0325
0927
0929
0001
0092
0092
0092
0092
0092
0928
0928
0799
0928
0799
0929
0226
0929
0928
0929
0943
0287
0417
0927
0929
0929
0929
0929
0929
0929
0929
0929
0929
0929
0929
0929
0929
0929
0287
0401
0417
0417
0927
0929
0910
0927
0929
0929
0345
0345
0345
0353
0618
0618
0618
0608
0608
0013
0013
0022
0437
0437
0437
0835
1045
1045
0022
0022
0123
0835
0835
1045
1045
0013
0013
0022
0437
0437
0437
0835
0835
0618
0929
0929
0928
0123
0929
0325
0417
0419
0750
0927
0929
0929
0929
0001
0417
0419
0750
0927
0929
0929
0929
0929
0929
0929
0001
0196
0196
0325
0417
0419
0750
0807
0807
0927
0929
0929
0929
0929
0929
0929
0929
0929
0929
0929
0929
0345
0861
0928
0928
0928
0928
0928
0910
0689
0226
0929
0929
0929
0929
0929
0929
0929
0929
0929
0929
0929
0929
0929
0929
0929
0929
0929
0929
0929
0929
0929
0929
0929
0929
0929
0929
0929
0929
0929
0929
0929
0929
0929
0929
0910
0929
0929
0929
0929
0929
0921
0910
0921
0921
0015
0925
0910
0929
0929
0929
0929
0929
0929
0929
0001
0929
0929
0929
0001
0929
0929
0929
0929
0929
0929
0929
0929
0929
0929
0929
0929
0929
0929
0929
0861
0910
0921
0926
0927
0910
0921
0910
0910
0910
0001
0928
0287
0419
0196
0928
0287
0417
0419
0504
3504
3504
3504
3504
3504
0288
0288
0288
0288
0288
0288
0288
0288
0288
0288
0288
0288
0288
0417
0071
0928
0928
0861
0001
0092
0092
0923
0413
0001
0001
0929
0928
0928
0918
0928
0928
0929
0001
0001
0203
0929
0929
0927
0929
0927
0929
0927
0929
0345
0928
0928
0929
0325
0419
0750
0927
0927
0929
0001
0928
0001
0929
0001
0929
0001
0929
0927
0929
0929
0929
0929
0929
0929
0929
0929
0929
0929
0929
0929
0929
0929
0929
0927
0929
0929
0929
0929
0929
0929
0929
0929
0929
0929
0929
0929
0929
0929
0929
3504
0091
0929
0928
0001
0024
0001
0024
0928
0928
0928
0928
0001
0024
0928
0001
0928
0928
0928
0962
0962
0962
0489
0991
