1400014111
1400015311
1400021037
1400021039
1400021039
1400054666
1400054666
1400054667
1400054667
1400054667
1400054668
1400054668
1400054669
1400054670
1400054671
1410000000
1410000000
1410000000
1410000005
1410000005
1410000005
1410000006
1410000006
1410000006
1410000007
1410000008
1410000008
1410000008
1410000010
1410000010
1420000079
1420000080
1420000101
1420000102
1420000103
1420000120
1420000127
1420000140
1420000184
1420000193
1420000195
1420000207
1420000207
1420000207
1420000217
1420000237
1420000244
1420000245
1420000255
1420000270
1420000278
1420000296
1420000297
1420000298
1420000298
1420000308
1420000316
1420000318
1420000319
1420000324
1420000325
1420000325
1420000325
1420000325
1420000330
1420000331
1420000347
1420000349
1420000354
1420000354
1420000354
1420000377
1420000380
1420000384
1420000384
1420000396
1420000396
1420000396
1420000417
1420000418
1420000429
1420000430
1420000439
1420000445
1420000456
1420000456
1420000456
1420000525
1420000540
1420000542
1420000571
1420000574
1420000596
1420000601
1420000602
1420000609
1420000610
1420000610
1420000636
1420000646
1420000647
1420000673
1420000674
1420000674
1420000689
1420000697
1420000699
1420000728
1420000736
1420000772
1420000781
1420000781
1420000781
1420000782
1420000782
1420000782
1420000802
1420000810
1420000811
1420000843
1420000851
1420000856
1420000856
1420000866
1420000891
1420000934
1420000935
1420000936
1420000937
1420000938
1420000939
1420000941
1420000942
1420000943
1420000948
1420000950
1420001029
1420001034
1420001038
1420001039
1420001040
1420001080
1420001086
1420001102
1420001127
1420001127
1420001127
1420001131
1420001131
1420001131
1420001132
1420001132
1420001138
1420001154
1420001155
1420001157
1420001171
1420001171
1420001171
1420001179
1420001186
1420001186
1420001186
1420001202
1420001202
1420001202
1420001204
1420001204
1420001204
1420001220
1420001220
1420001226
1420001229
1420001259
1420001261
1420001263
1420001269
1420001271
1420001271
1420001271
1400015310 
1400021050 
1400096627 
1400096628 
1400099124
1400099124
1410000000
1420000198 
1420000237 
1420000386 
1420000439 
1420000628 
1420000636
1420001098 
1420001099 
1420001100 
1420001179
