007209
009209
100145
100158
100311
100660
100685
100713
100772
100836
100836
100836
100836
100836
100836
100836
101806
101806
101806
101806
101806
101806
101806
101806
101806
101806
10207
102520
102658
102717
102717
102717
102725
102725
102861
102861
103658
103658
103658
103658
103658
103658
103658
103658
104806
105803
105806
105815
105827
105871
1068
107836
108900
108919
108919
108921
108921
109806
109806
109815
109815
111686
111713
111791
111836
111871
112806
112815
112815
112815
112815
112815
112836
112836
112836
112836
112836
112836
112836
112836
112836
112836
112836
112836
112871
112871
112871
112871
112871
112871
112871
11982
12089
1358
1360
1460
1507
1507
1507
1538
1539
1540
1541
2773
2783
2803
2803
2803
2803
2806
2806
2806
2806
2806
2806
2806
2806
2806
2806
2806
2815
2815
2815
2815
2815
2815
2815
2815
2815
2815
2815
2815
2815
2815
2815
2824
2824
2824
2827
2827
2827
2836
2871
2871
2871
2871
2871
2871
2871
2871
2871
2871
2871
3086
311
3258
3775
388
3926
4301
4982
499
499
500520
500520
500520
500520
500520
500803
500803
500803
500803
500803
500803
500803
500803
500803
500803
500803
500803
500806
500806
500806
500806
500871
500871
500871
500871
500871
500871
500871
500871
500871
500871
500871
500871
503520
503520
503520
504803
504871
504871
506520
506520
506803
506806
506806
506871
536
538
538
5383
5571
5577
5577
5577
58
5859
600658
600658
600658
600658
600658
600658
600658
600803
600806
600806
600815
600815
600815
600824
600828
601806
601806
601836
601836
601836
601836
601836
601861
601871
608900
6221
6221
6221
628
630010
700725
700803
700806
700815
701717
701725
701725
701871
702717
702717
702717
703806
703806
703806
703806
703806
703806
703836
703836
703836
703836
703836
703836
703836
703900
703900
703900
703900
703900
785
8982
9600
9960
100160
100160
100160
100160
100160
100160
100290
100304
100323
100701
100709
100774
100809
101645
101645
101709
101809
101809
101809
101809
101809
101809
101809
101809
101809
101809
101809
101809
101809
101809
101809
101809
101809
10195
102585
102645
102647
102647
102647
102700
102700
102700
102700
102719
102719
102719
102723
102723
102755
102809
102837
103698
103700
103700
103700
103700
103700
103700
105809
105837
105873
107645
107811
1084
108923
108923
109645
109645
109646
109646
1106
111809
111873
112645
112645
112645
112645
112645
112645
112645
112645
112645
112645
112837
112837
112837
112837
112837
112837
112837
112873
112873
112873
112873
112873
112873
112873
112873
1832
1889
1889
207
231
2774
2809
2809
2809
2809
2809
2809
2809
2809
2809
2837
2837
2837
2837
2837
2837
2837
2837
2837
2837
2873
2873
2873
2873
2873
2873
2873
2873
2873
2873
2873
2873
2873
2873
2873
2873
2873
2873
2873
37378
37378
3787
4305
4652
4873
4985
500809
500809
500809
500809
500809
500809
500809
500809
500809
500809
500873
500873
500873
500873
500873
500873
500873
500873
500873
500873
502755
502755
502755
502755
502755
503645
503755
503755
503755
504809
504873
506755
506755
506809
506873
5667
5852
596
600645
600646
600646
600646
600646
600646
600647
600647
601645
601645
601645
601645
601645
601645
601645
601645
601645
601645
601645
601645
601645
601700
601700
601700
601809
601873
603645
603646
603646
603646
603646
6225
6225
6225
6225
625
625
630030
68
6989
700645
700646
700647
700993
701647
701719
701723
702719
702719
702719
702719
702719
703645
703645
703645
703645
703645
703645
703837
703837
703837
703837
809
809
809
837
873
873
873
8998
003899
013855
100157
100191
100314
100439
100439
100439
100614
100614
100656
100715
100715
100715
100829
100829
100829
100829
100829
100829
100829
100829
100829
100879
100890
100891
100891
100929
100934
100934
100934
100934
101715
101715
101715
101715
101715
101715
101715
101715
101715
101715
101715
10177
10177
101778
10179
10179
10179
10180
10180
10180
101946
101946
101951
10206
10206
10206
10206
10208
102615
102615
102615
102615
102615
102615
102615
102615
102615
102615
102615
102615
102615
102615
102665
102665
102745
102749
102778
102829
102829
102925
102925
102926
102926
102926
102927
102927
102927
102946
102949
102949
102949
102951
102957
102957
102957
102957
102957
102983
102983
102983
102993
102993
1030
103778
103947
103947
103947
103947
103947
103947
103947
103947
105615
105715
105829
105947
107814
107829
109615
109615
109829
109829
10997
111715
111742
111829
111946
111947
111990
112581
112581
112615
112615
112615
112615
112665
112665
112665
112715
112715
112778
112778
112778
112778
112829
112829
112829
112829
112829
112829
112829
112829
112829
112829
112829
112947
112947
112993
112993
11365
11365
11365
11458
11458
11458
11469
11469
11698
1178
11825
11825
13060
13222
13793
13796
13855
13855
13855
1489
1492
1493
1496
1974
2006
2257
24624
24624
2606
2656
2656
2662
2662
2662
2673
2673
2715
2739
2771
2829
2829
2829
2829
2829
2829
2829
2829
2829
2829
2829
2829
2829
3209
3220
3237
3237
3285
3306
3497
3497
3570
3666
3666
37394
37394
3879
3879
3887
3899
3947
3959
4213
4300
4359
4359
4650
4813
4813
4814
4815
4815
4816
4816
4817
4841
4841
4846
4846
4981
4983
500596
500596
500596
500615
500615
500615
500615
500615
500615
500615
500615
500615
500615
500615
500615
500615
500615
500615
500665
500665
500665
500665
500665
500665
500665
500665
500665
500665
500665
500665
500665
500665
500665
500665
500665
500665
500665
500739
500739
500739
500739
500739
500739
500739
500739
500739
500739
500739
500739
500739
500739
500778
500778
500778
500778
500778
500778
500778
500778
500778
500778
500778
500778
500778
500778
500778
500778
500778
500778
500778
500829
500829
500829
500829
500829
500829
500829
500829
500829
500829
500829
500829
500829
500829
500829
500927
500927
500927
500946
500946
500946
500946
500946
500946
500946
500946
500946
500946
500946
500946
500946
500946
500946
500957
501739
501739
501739
501739
501957
501957
501957
501957
501957
501957
501957
501957
501957
501957
501957
501957
501957
501957
501957
501957
501957
501957
501957
501957
502745
502745
502745
502946
502946
503745
503745
503829
504615
504665
504739
504778
504829
504946
504957
505926
505927
506615
506745
506829
5153
5154
5154
5381
5381
5491
5576
5680
5708
5708
5708
5708
5788
5794
5796
5796
5855
5860
5876
5993
5994
600615
600615
600615
600615
600615
600615
600615
600656
600665
600665
600665
600665
600665
600665
600665
600665
600665
600665
600665
600665
600665
600715
600778
600778
600778
600778
600778
600778
600778
600778
600778
600829
600829
600829
600829
600829
600829
600829
600829
600829
601664
601829
601829
601829
601829
601829
601829
601829
601829
601829
601829
601829
601829
601829
601829
601829
601934
601934
601934
601934
601934
601934
601946
602829
603829
603829
603829
603829
604665
604778
604829
6220
6220
6220
6220
6226
6226
6232
6232
6272
6272
6272
6282
630000
6458
6490
65
65
6507
6507
65
6894
6894
6894
6894
700615
700615
700615
700825
700829
700946
700957
701946
701993
702946
702946
702993
702993
702993
703715
703715
703715
703715
703715
703715
703715
703715
703829
703829
703829
703829
703829
703829
703829
703926
703926
703926
703927
703927
703927
703949
703949
703949
708856
708948
7200
7202
7205
7205
7256
7300
7341
7343
7385
8421
8882
8893
100189
100575
100576
100577
100578
100865
100865
100865
100865
100865
100865
100865
100865
100883
100885
102667
102667
102751
1029
102984
102984
10355
103865
103865
103865
103865
103865
103865
103865
103865
103865
103865
103865
1064
108995
108996
108996
111865
112714
112714
112714
112714
112865
112865
112865
112865
112865
112865
112865
112865
112865
12950
13794
16
16
2775
2987
2987
2987
2987
314
3241
3241
4069
4358
4358
4821
4821
4984
4987
500865
500865
500865
500865
500865
500865
500865
500865
500865
500865
500865
500865
500865
502751
502751
502751
502751
503751
503751
504865
506751
506865
5575
5723
5723
5857
600865
600865
600865
600865
601865
601865
601865
601865
60224
700667
700667
700865
700865
700987
700987
702667
702667
702987
702987
703
703865
703865
708950
7204
7204
7301
765
765
100319
100319
100319
100319
100319
100319
100319
100319
100319
100319
100319
100319
100319
100319
100319
100319
100319
100319
100319
100319
100319
100319
100319
100319
100319
100319
100319
100319
100319
100319
100319
100319
100319
100319
100319
100419
100697
100982
102219
10224
104825
1409
1409
1409
1409
1409
1409
206
2668
2668
2668
2668
4010
504319
703319
7190
8450
8450
8466
8602
8620
8634
9158
000424
100603
100603
100882
100939
100939
100939
100939
100939
100939
101602
101602
101602
101602
101685
101685
101742
101742
102616
102616
102616
102681
102681
105579
105818
108955
109818
1100
1896
2655
2818
2818
2818
2841
2841
3958
3958
4348
5572
5854
600597
600597
600597
600597
600597
600597
600597
600597
600597
600597
600597
600597
600597
600602
600681
600841
601939
700603
700854
708901
7208
7208
7299
9480
1130
1130
1130
1130
1776
2168
2177
2647
2650
2894
2894
2894
2894
2894
2894
2894
2894
2894
4310
5582
5871
5872
600913
600913
600913
600913
600913
6443
648
648
681
681
682
682
683
684
684
685
685
686
7080
814
815
816
818
820
822
824
8246
946
947
948
948
948
949
949
100173
100338
10050
101844
10240
10240
10240
102648
102648
102648
102648
102844
102844
102844
102844
102844
102844
102844
102844
102844
102844
102844
102844
102844
102999
10330
1035
112648
112648
112844
112844
112844
112844
112844
12898
12902
13514
141
141
141
2850
37370
4178
4280
4286
4303
4360
4360
4576
4576
4578
4705
4895
500648
500648
500648
500648
500648
500648
500648
500648
500648
500648
500648
500648
500648
500648
504648
506648
5210
563
564
564
564
5683
5710
5710
5710
5856
5869
5934
5935
6003
600648
600844
6227
6227
6264
6493
700844
703844
703844
703844
703844
703844
703844
703844
7298
7344
8022
8022
8079
8171
83
86
87
87
87
88
88
9149
9604
9637
9676
100291
100303
100320
100682
100700
100708
100773
100808
100808
100808
100808
100808
100808
100808
100808
100808
100808
100808
100808
100808
100808
100808
100808
100808
10211
102593
102718
102718
102718
102760
102765
102808
103593
103593
103699
1045
105808
105843
105872
107808
107813
108922
108922
1092
109808
109808
109843
109843
111808
111872
112808
112808
112808
112808
112808
112808
112808
112808
112808
112843
112843
112843
112843
112843
112843
112872
112872
112872
112872
112872
112872
112872
112872
112872
112875
1831
1849
209
209
232
250
250
2770
2808
2808
2808
2808
2808
2808
2808
2808
2808
2808
2843
2843
2843
2843
2843
2843
2843
2843
2843
2843
2843
2872
2872
2872
2872
2872
2872
2872
2872
2872
2872
2872
2872
2872
2872
2872
2872
2872
2872
2872
2872
2872
2872
3392
37386
37386
4304
4625
4653
4874
4986
500593
500808
500808
500808
500808
500808
500808
500808
500808
500808
500808
500808
500808
500808
500808
500872
500872
500872
500872
500872
500872
500872
500872
500872
500872
500872
500872
500872
502760
502760
502760
502760
502760
503760
503760
503760
503808
504808
504872
506760
506760
506808
506872
593
593
593
595
600593
600597
600808
600808
600808
600808
600843
600843
600843
600843
600843
601808
601808
601808
601808
601808
601808
601808
601808
601808
601808
601808
601872
601872
602808
603843
603843
603843
603843
611
6224
6224
6224
6224
626
626
67
67
6987
700766
700808
700843
700872
701718
701765
701872
702718
702718
702718
702718
702718
702718
703808
703808
703808
703808
703808
703808
703808
703843
703843
703843
8169
8169
8832
8892
8981
8981
8981
9657
100331
100812
100812
100812
100813
100813
100813
102831
102921
110
1139
1168
169
169
173
173
213
2812
2812
2813
2813
2813
2813
2813
500594
500813
500813
501813
501813
501813
501813
501813
501813
501813
501813
501813
501813
501813
501813
501813
501813
501813
501813
501813
501813
501813
501813
501813
501813
501813
501813
501813
501813
501813
501813
501813
501813
501813
501813
501813
501813
504813
505594
594
594
594
594
594
594
594
594
594
594
594
594
594
594
594
594
594
594
594
594
594
594
594
594
594
594
594
594
594
594
594
594
594
594
594
594
594
703594
703594
703594
703594
703594
703594
703813
703813
703813
703813
703813
703813
703813
706
72
72
77
9037
9037
9054
9251
9327
9368
9825
1122
1122
1471
6027
6029
8301
9864
9864
9903
9903
9903
9903
***************
***************
***************
***************
***************
***************
***************
***************
***************
***************
***************
***************
***************
***************
***************
***************
***************
***************
***************
***************
***************
***************
***************
***************
***************
***************
***************
***************
***************
***************
***************
***************
***************
***************
***************
***************
***************
***************
***************
***************
***************
***************
***************
***************
***************
***************
***************
***************
***************
***************
***************
***************
***************
***************
***************
***************
***************
***************
***************
***************
***************
***************
***************
***************
***************
***************
***************
***************
***************
***************
***************
***************
***************
***************
***************
***************
***************
***************
***************
***************
***************
***************
***************
***************
***************
***************
***************
***************
***************
***************
***************
***************
***************
***************
***************
***************
***************
***************
***************
***************
***************
***************
***************
***************
***************
***************
***************
***************
***************
***************
***************
***************
***************
***************
***************
***************
***************
***************
***************
***************
***************
***************
***************
***************
***************
***************
***************
***************
***************
***************
***************
***************
***************
***************
***************
***************
***************
***************
***************
***************
***************
***************
***************
***************
***************
***************
***************
***************
***************
***************
***************
***************
***************
***************
***************
***************
***************
***************
***************
***************
***************
***************
***************
***************
***************
***************
***************
***************
***************
***************
***************
***************
***************
***************
***************
***************
***************
***************
***************
***************
007435
010595
013910
10027
108963
108963
108963
108963
108963
108963
108963
108963
108963
108963
108963
1111
1111
1111
1111
1111
1111
***************
***************
***************
***************
***************
***************
***************
***************
***************
***************
***************
***************
***************
***************
***************
***************
***************
1645
2811
2811
2811
2868
2900
2901
3428
3428
3428
401005
401110
424002
424019
424181
4519
6005
6050
6080
6500
65010
65013
65026
65049
65088
65181
65231
65576
697
703797
7933
797
797
797
797
797
797
797
797
797
797
8251
8328
8362
8426
87000
87000
87000
87000
87000
87000
87000
87000
87000
87000
87000
87000
87000
87000
87000
87000
87000
87000
87000
87000
87000
87000
87000
87000
87000
87000
87000
87000
87000
87000
87000
87000
87000
87000
87000
87000
87000
87000
87000
87000
87000
87000
87000
87000
87000
87000
87000
87000
87000
87000
87000
87000
87000
87000
87000
87000
87000
87000
87000
87000
87000
87000
87000
87000
87000
87000
87000
87000
87000
87000
87000
87000
87000
87000
87000
87000
87000
87000
87000
87000
87000
87000
87000
87000
87000
87000
87000
87000
87000
87000
87000
87000
87000
87000
87000
87000
87000
87000
87000
87000
87000
87000
87000
87000
87000
87000
87000
87000
87000
87000
87000
87000
87000
87000
87000
87000
87000
87000
87000
87000
87000
87000
87000
87000
87000
87000
87000
87000
87000
87000
87000
87000
87000
87000
87000
87000
87000
87000
87000
87000
87000
87000
87000
87000
87000
87000
87000
87000
87000
87000
87000
87000
87000
87000
87000
87000
87000
87000
87000
87000
87000
87000
87000
87000
87000
87000
87000
87000
87000
87000
87000
87000
87000
87000
87000
87000
87000
87000
87000
87000
87000
87000
87000
87000
87000
87000
87000
87000
87000
87000
87000
87000
87000
87000
87000
87000
87000
87000
87000
87000
8700
9133
9310
9802
9874
9884
9903
991430
991430
991836
991953
991953
991964
991965
991966
992195
992195
992195
992244
992307
992332
9988
9988
9989
999002
999008
9990
9990
9990
9990
9990
9990
9990
9990
999010
999011
999015
999018
999037
999038
999039
999049
999060
999085
999088
999098
999109
999111
999117
999118
999141
999181
999222
999227
999230
999231
999232
999234
999236
999237
999461
999507
999574
999576
999600
999654
999655
999658
999905
999999
100855
101443
102752
102855
102855
112855
112855
112855
112855
2819
2819
2855
2855
2855
2855
2855
2855
2855
2855
2855
2855
2855
2855
2855
2855
2855
2855
2855
2855
2855
2855
505855
506752
703855
703855
008193
008837
008926
008927
008928
100118
100145
10165
10165
10165
10167
10233
10233
10233
10426
11315
11844
12007
12007
12291
12527
12527
12527
12666
12872
12899
12899
4156
4658
511277
511277
511277
511277
511277
6506
6506
7248
7374
7374
7374
7374
7374
7374
7374
7374
7374
8191
8193
8837
8926
8927
8928
8930
8936
8941
9645
9973
9973
9973
013782
100581
100581
100581
100581
100581
100664
100664
100664
100664
100664
100664
100664
100664
100664
100664
100664
100664
100664
100664
100954
100954
101664
101664
101664
10178
10178
10178
10239
10239
10239
102664
103664
103664
103664
103664
103664
103664
103664
103664
103664
105664
105674
107664
108997
108997
111581
111664
11168
112581
112581
112664
112664
112664
112664
112664
112664
112664
112664
112664
112664
1248
13795
1503
2183
2360
2592
2592
262
2664
2895
3313
3313
3319
3572
3964
4302
4654
4872
4921
4937
500664
500664
501664
501664
501664
501664
501664
501664
501664
501664
501664
501664
501664
501664
501664
501664
501664
501664
501664
501664
501664
502664
502664
502664
502664
502664
502664
502664
502664
502664
502664
502664
502664
502664
504664
505664
506664
5574
5627
5709
5709
5709
5789
5991
5991
5995
600581
600664
600664
600664
600664
600664
600664
600664
600664
600664
600664
600664
600664
600664
600664
600664
600664
601664
601664
601664
601664
601664
601664
601664
601664
601664
601664
602664
604664
6222
6222
6222
6222
6228
6228
6233
6233
6233
6277
630095
6492
700664
702936
702936
702936
703664
703664
703664
703664
703664
703664
7207
7207
7386
7395
8241
8241
8896
100751
100759
100878
100878
100880
100880
100880
101782
101782
101782
101782
102720
102859
102960
102988
102988
102988
103801
107666
109816
109816
109825
111859
112825
112825
112859
112859
112859
112859
112859
112859
112875
2825
2825
2825
2825
2825
2825
2825
2825
2825
2825
2825
2825
2825
2825
2859
2859
2859
2859
2859
2859
2859
2859
2859
2859
2859
2859
2859
2859
3705
4187
600782
600825
600825
600825
600825
600859
600859
600859
700723
700859
701720
701825
702720
702720
703825
708663
708960
7377
7377
83182
9475
009223
100328
100430
100430
100804
101443
109804
109804
111804
112804
112804
112804
112804
112804
112804
112804
112804
112804
112804
1283
1588
1707
2804
2804
2804
2804
2804
2804
2804
2804
2804
2804
2830
2830
2830
2830
3134
500804
500804
500804
500804
500804
500804
500804
500804
500804
500804
500804
500804
500804
500804
500804
504804
506804
558
558
558
573
573
600804
600804
600804
600804
600804
600804
600804
600804
600804
600805
700804
703804
703804
703804
703804
703804
703804
703804
782
8083
8199
8199
8254
8626
8984
8984
8984
8984
8984
8984
8984
8984
8984
8984
8984
8984
8984
8984
8984
8984
8984
8984
8984
8984
8984
8984
8984
8984
8984
8984
8984
9343
9344
100181
100400
100431
100431
100431
100449
100600
100600
100705
100705
100805
100805
100805
100805
100805
100805
100805
100805
100805
100805
100805
100805
100805
100805
100805
100805
100805
100805
101440
102750
104805
105805
105828
107805
108920
108920
108920
109805
109805
111805
111828
112805
112805
112805
112805
112805
112805
112805
112805
112805
112805
11820
11820
11989
1624
1624
2654
2660
2660
2705
2805
2805
2805
2805
2805
2805
2805
2805
2805
2805
2823
2828
2828
505750
506750
507750
508750
515750
515750
517750
517750
518
518
518750
518750
549
55
559
600805
600805
600805
600805
600805
600805
600805
600805
600805
600805
600805
600805
600805
600805
600805
600805
602805
602805
603
604805
6724
700805
700805
700805
700805
700805
700805
700805
700805
702705
702800
702800
703805
8262
105807
105816
112807
112807
112807
112807
112807
112807
112807
112875
112875
112875
112875
1463
1851
2807
2807
2816
2875
2875
2875
66
8985
8985
8985
8985
8985
9480
9480
100112
100112
100113
100305
100313
100336
100378
100378
100378
100775
100810
100810
100810
100810
100810
100810
100810
100810
100810
100810
100810
100810
100810
100810
100810
102515
102721
102721
102721
102766
102881
102881
10330
10330
103697
10393
105817
105874
106810
107810
109810
109817
109817
111810
111874
112810
112810
112810
112810
112810
112810
112810
112810
112810
112817
112817
112817
112817
112817
112817
112817
112874
112874
112874
112874
112874
112874
112874
112874
13792
1874
1886
210
2173
2772
2810
2810
2810
2810
2810
2810
2810
2810
2817
2817
2817
2817
2817
2817
2817
2817
2817
2817
2817
2874
2874
2874
2874
2874
2874
2874
2874
2874
2874
2874
2874
2874
2874
2874
2874
2874
2874
2874
2874
2874
3573
37370
3809
3818
3962
4044
4044
4281
4651
4876
500810
500810
500810
500810
500810
500810
500810
500810
500810
500810
500810
500810
500810
500810
500874
500874
500874
500874
500874
500874
500874
500874
500874
500874
500874
500874
500874
500874
502515
502515
502515
502515
503515
503515
503810
504810
504874
506515
506810
506874
5212
5221
5221
5222
5240
5279
5302
600810
600810
600810
600810
600817
600817
600817
600874
600874
600874
600874
601810
601810
601810
601810
601810
601810
601810
601810
601810
601810
601810
603817
603817
603817
603817
604810
6223
6223
6223
6223
6223
6276
6276
6623
6873
6882
69
69
700765
700817
700874
70
701721
701766
701810
701874
702721
702721
702721
702721
702721
703810
703810
703810
703810
703810
703810
703817
703817
703817
703817
703817
703817
703817
766
80343
8275
8724
8890
89
8983
8983
9148
9172
92
94
9468
9478
9478
9605
9607
012666
013332
100177
100180
100180
100180
100327
100994
10210
102814
102814
102854
102854
105804
110026
11926
13332
2804
2804
2804
2804
2870
2870
2942
2942
4
4980
5
502750
5699
600592
600814
600814
600814
600814
600814
600814
600814
600814
600814
600814
600814
600814
600814
600814
600854
600870
601805
601805
601805
601805
601805
601805
601805
601805
601805
601805
601805
601805
601805
601805
601805
605805
702705
7030
708976
819
8260
8260
8262
8262
8393
8396
8397
8470
8550
8550
8550
8576
8584
8648
8789
8942
8943
9066
976177
9864
